Stock,Profit,Total_trades,Winning_trades,Win_rate
GLENMARK.NS,238525.5384582199,30,28,93.33333333333333
COLPAL.NS,149591.35832159364,22,20,90.9090909090909
MARUTI.NS,122906.11979463493,9,8,88.88888888888889
GNFC.NS,169185.26626441444,24,21,87.5
SRF.NS,159855.2064705227,32,28,87.5
M&M.NS,175835.72096517598,24,21,87.5
TITAN.NS,155256.65484811494,23,20,86.95652173913044
IEX.NS,209250.09130473714,29,25,86.20689655172413
BOSCHLTD.NS,128421.40310441038,14,12,85.71428571428571
PETRONET.NS,150733.42014804028,26,22,84.61538461538461
DRREDDY.NS,148260.019277657,32,27,84.375
COROMANDEL.NS,150384.31782150126,19,16,84.21052631578947
IRCTC.NS,147260.43869514915,31,26,83.87096774193549
CHAMBLFERT.NS,192383.0062162062,31,26,83.87096774193549
L&TFH.NS,165365.34804593303,18,15,83.33333333333334
TECHM.NS,160794.761678395,24,20,83.33333333333334
TATAPOWER.NS,190759.61266727393,30,25,83.33333333333334
GAIL.NS,207359.45634975878,30,25,83.33333333333334
ATUL.NS,155634.3977097348,29,24,82.75862068965517
IDFC.NS,192223.8023654286,29,24,82.75862068965517
RAMCOCEM.NS,162163.93152630745,23,19,82.6086956521739
DLF.NS,174142.2204334833,23,19,82.6086956521739
INDHOTEL.NS,146318.01615831172,17,14,82.35294117647058
INDIAMART.NS,167827.47207749175,33,27,81.81818181818183
MCDOWELL-N.NS,145122.54274312383,22,18,81.81818181818183
ASHOKLEY.NS,158086.68993700418,32,26,81.25
COALINDIA.NS,156471.7063742694,21,17,80.95238095238095
NTPC.NS,182996.73932347022,31,25,80.64516129032258
LUPIN.NS,166241.54576639668,36,29,80.55555555555556
DELTACORP.NS,160226.89660194056,30,24,80.0
PFC.NS,234082.1769691608,10,8,80.0
EICHERMOT.NS,160043.24524971182,39,31,79.48717948717949
ASIANPAINT.NS,142320.6786355265,29,23,79.3103448275862
INDUSINDBK.NS,160893.05635569364,29,23,79.3103448275862
ESCORTS.NS,151891.38461987983,19,15,78.94736842105263
ITC.NS,120163.48561237552,14,11,78.57142857142857
AARTIIND.NS,144811.85944247537,14,11,78.57142857142857
GMRINFRA.NS,199256.49537423116,27,21,77.77777777777779
AMBUJACEM.NS,145181.55175867764,9,7,77.77777777777779
DIXON.NS,197377.46584293648,9,7,77.77777777777779
RBLBANK.NS,238505.85660126712,18,14,77.77777777777779
CIPLA.NS,158210.99566905154,40,31,77.5
BATAINDIA.NS,142551.21150977473,35,27,77.14285714285715
ULTRACEMCO.NS,132143.4334363518,13,10,76.92307692307693
BHEL.NS,210011.34063163772,26,20,76.92307692307693
SIEMENS.NS,175536.0959095217,26,20,76.92307692307693
IDFCFIRSTB.NS,188907.7839156685,26,20,76.92307692307693
AUROPHARMA.NS,227967.40316106702,17,13,76.47058823529412
NESTLEIND.NS,35023.70013611679,25,19,76.0
INDIGO.NS,149655.71707892307,8,6,75.0
MPHASIS.NS,160221.37690541512,32,24,75.0
ONGC.NS,132099.33459895384,20,15,75.0
HAL.NS,204120.0631728659,12,9,75.0
TVSMOTOR.NS,188929.28503797698,35,26,74.28571428571429
CHOLAFIN.NS,202980.7325474022,31,23,74.19354838709677
SAIL.NS,178531.43941904997,23,17,73.91304347826086
LAURUSLABS.NS,162324.64109374653,42,31,73.80952380952381
POWERGRID.NS,159021.8033395316,30,22,73.33333333333333
ALKEM.NS,180126.21472212864,30,22,73.33333333333333
BANDHANBNK.NS,173389.0969765285,30,22,73.33333333333333
MGL.NS,178714.84431702248,26,19,73.07692307692307
GODREJPROP.NS,243503.73534387647,33,24,72.72727272727273
IBULHSGFIN.NS,214316.85587827163,22,16,72.72727272727273
BANKBARODA.NS,167356.02678553804,40,29,72.5
FEDERALBNK.NS,157622.9280358014,32,23,71.875
CUB.NS,138436.91614235227,14,10,71.42857142857143
CUMMINSIND.NS,139792.55967330764,21,15,71.42857142857143
SBILIFE.NS,132328.98266960756,21,15,71.42857142857143
ABB.NS,160942.43385790446,21,15,71.42857142857143
TATAMOTORS.NS,147899.24632690763,14,10,71.42857142857143
METROPOLIS.NS,173654.0317535576,31,22,70.96774193548387
SBICARD.NS,134349.3669393591,34,24,70.58823529411765
GRANULES.NS,147289.41172925214,34,24,70.58823529411765
COFORGE.NS,178786.13772214638,27,19,70.37037037037037
ICICIGI.NS,128409.47667233518,20,14,70.0
LTIM.NS,140973.350872043,10,7,70.0
SUNPHARMA.NS,124841.54628758547,20,14,70.0
UBL.NS,120715.13913588876,20,14,70.0
HDFCAMC.NS,130033.95791197631,10,7,70.0
PERSISTENT.NS,142663.23655276114,10,7,70.0
LALPATHLAB.NS,168516.32476974014,39,27,69.23076923076923
GRASIM.NS,128172.76367657135,13,9,69.23076923076923
IPCALAB.NS,142399.28020546125,13,9,69.23076923076923
JSWSTEEL.NS,146347.70309790014,29,20,68.96551724137932
BEL.NS,156616.1525692482,29,20,68.96551724137932
POLYCAB.NS,179835.5114484114,22,15,68.18181818181817
TATACHEM.NS,166811.81163351287,34,23,67.64705882352942
HINDCOPPER.NS,255216.57315730432,34,23,67.64705882352942
TATACONSUM.NS,117057.96411353069,15,10,66.66666666666666
TATACOMM.NS,181617.49641804124,33,22,66.66666666666666
TRENT.NS,172759.24912448577,12,8,66.66666666666666
HEROMOTOCO.NS,145716.83283561637,18,12,66.66666666666666
BALRAMCHIN.NS,132895.53986374906,12,8,66.66666666666666
BAJAJFINSV.NS,136190.1360887521,33,22,66.66666666666666
BSOFT.NS,175024.6092832567,12,8,66.66666666666666
LICHSGFIN.NS,142536.8374168016,24,16,66.66666666666666
APOLLOHOSP.NS,127147.92327248014,12,8,66.66666666666666
NAVINFLUOR.NS,138478.49930732977,29,19,65.51724137931035
INDIACEM.NS,159983.16596038095,26,17,65.38461538461539
ZEEL.NS,180189.54440017897,26,17,65.38461538461539
SUNTV.NS,152933.52115297972,23,15,65.21739130434783
RELIANCE.NS,119811.22180000672,17,11,64.70588235294117
NATIONALUM.NS,163460.01298593282,17,11,64.70588235294117
LTTS.NS,159182.85650792578,31,20,64.51612903225806
ADANIENT.NS,232029.0240084605,25,16,64.0
ADANIPORTS.NS,162308.95400820283,11,7,63.63636363636363
CANBK.NS,135662.83904068987,11,7,63.63636363636363
BHARATFORG.NS,138211.52899532882,11,7,63.63636363636363
JUBLFOOD.NS,126025.25052522597,19,12,63.1578947368421
HAVELLS.NS,120454.72871604648,16,10,62.5
BERGEPAINT.NS,109849.86253908071,16,10,62.5
DEEPAKNTR.NS,146080.45084254682,21,13,61.904761904761905
PIDILITIND.NS,113266.80323525715,10,6,60.0
INDUSTOWER.NS,119755.61439332677,10,6,60.0
JKCEMENT.NS,121647.33570721559,10,6,60.0
ASTRAL.NS,153587.4328244527,22,13,59.09090909090909
IGL.NS,115635.42203481148,22,13,59.09090909090909
OFSS.NS,112156.44731095548,12,7,58.333333333333336
KOTAKBANK.NS,106384.35857694536,12,7,58.333333333333336
APOLLOTYRE.NS,123899.68584386469,12,7,58.333333333333336
TCS.NS,112512.98416503909,7,4,57.14285714285714
DABUR.NS,108068.31251744335,21,12,57.14285714285714
BAJAJ-AUTO.NS,140965.31790786475,16,9,56.25
TATASTEEL.NS,112252.09624496463,9,5,55.55555555555556
SHREECEM.NS,125144.42015706658,9,5,55.55555555555556
CONCOR.NS,138338.10005996644,18,10,55.55555555555556
LT.NS,134088.61233912356,9,5,55.55555555555556
ICICIBANK.NS,129742.51042616842,29,16,55.172413793103445
BAJFINANCE.NS,140116.33210697141,11,6,54.54545454545454
PVRINOX.NS,117127.04187614995,11,6,54.54545454545454
BIOCON.NS,111559.96723659981,11,6,54.54545454545454
OBEROIRLTY.NS,142203.63506324118,22,12,54.54545454545454
VEDL.NS,120291.42805430475,35,19,54.285714285714285
MFSL.NS,145316.38346425045,13,7,53.84615384615385
MOTHERSON.NS,139948.62809064466,13,7,53.84615384615385
HDFCBANK.NS,112201.68670828338,13,7,53.84615384615385
PNB.NS,164405.34918201296,13,7,53.84615384615385
HINDUNILVR.NS,109314.21425257994,15,8,53.333333333333336
PAGEIND.NS,108584.94240908428,15,8,53.333333333333336
NMDC.NS,135539.0421563226,17,9,52.94117647058824
HDFCLIFE.NS,126600.49009453252,17,9,52.94117647058824
INFY.NS,112877.69120018097,27,14,51.85185185185185
BPCL.NS,132516.8408683411,8,4,50.0
MARICO.NS,114315.54790858479,16,8,50.0
WIPRO.NS,130347.52265167235,6,3,50.0
RECLTD.NS,252580.6049131775,12,6,50.0
HINDALCO.NS,135675.70779693604,10,5,50.0
CANFINHOME.NS,121687.47404904487,20,10,50.0
HCLTECH.NS,115726.91042747803,14,7,50.0
TORNTPHARM.NS,134715.8550592952,6,3,50.0
IOC.NS,129778.30655213415,15,7,46.666666666666664
DALBHARAT.NS,143567.634080887,11,5,45.45454545454545
SBIN.NS,108723.24562866209,9,4,44.44444444444444
ABCAPITAL.NS,93703.63078967387,16,7,43.75
SHRIRAMFIN.NS,121980.30214870081,16,7,43.75
BRITANNIA.NS,110660.09471191405,7,3,42.857142857142854
DIVISLAB.NS,107783.38798153674,12,5,41.66666666666667
IDEA.NS,152030.9919022656,12,5,41.66666666666667
BHARTIARTL.NS,118276.09943604528,12,5,41.66666666666667
PIIND.NS,122956.39487229446,17,7,41.17647058823529
MANAPPURAM.NS,117055.69516708373,15,6,40.0
VOLTAS.NS,115331.58835191121,10,4,40.0
ZYDUSLIFE.NS,138325.7178918457,10,4,40.0
GUJGASLTD.NS,106035.20219849412,16,6,37.5
SYNGENE.NS,114722.76021710724,19,7,36.84210526315789
MCX.NS,133240.3355402304,22,8,36.36363636363637
ACC.NS,100449.59314980044,11,4,36.36363636363637
JINDALSTEL.NS,116227.4443083229,22,8,36.36363636363637
AUBANK.NS,113896.07574571428,12,4,33.33333333333333
CROMPTON.NS,95300.5197348303,18,6,33.33333333333333
MRF.NS,122904.36015625,6,2,33.33333333333333
MUTHOOTFIN.NS,120008.11015554567,22,7,31.818181818181817
AXISBANK.NS,106990.66873186416,22,7,31.818181818181817
NAUKRI.NS,91028.20532958987,16,5,31.25
HINDPETRO.NS,140253.6180475675,13,4,30.76923076923077
EXIDEIND.NS,118055.7712944031,13,4,30.76923076923077
M&MFIN.NS,105392.57365585458,20,6,30.0
PEL.NS,99240.3653974144,18,5,27.77777777777778
GODREJCP.NS,100938.51803519683,11,3,27.27272727272727
BALKRISIND.NS,89412.93851074218,12,3,25.0
UPL.NS,87926.8691497803,13,3,23.076923076923077
ABBOTINDIA.NS,96539.81800448203,21,4,19.047619047619047
ICICIPRULI.NS,100000.0,0,0,0.0
ABFRL.NS,100000.0,0,0,0.0
